Wavelength(nm)	n	k
250	1.83304	8.32e-10
260	1.82614	8.49e-10
270	1.82008	8.67e-10
280	1.81474	8.85e-10
290	1.81001	9.03e-10
300	1.80578	9.21e-10
310	1.80199	9.41e-10
320	1.79859	9.60e-10
330	1.79550	9.80e-10
340	1.79271	1.00e-09
350	1.79017	1.02e-09
360	1.78784	1.04e-09
370	1.78572	1.06e-09
380	1.78376	1.09e-09
390	1.78196	1.11e-09
400	1.78030	1.13e-09
410	1.77876	1.15e-09
420	1.77733	1.18e-09
430	1.77600	1.20e-09
440	1.77476	1.23e-09
450	1.77361	1.25e-09
460	1.77252	1.28e-09
470	1.77151	1.30e-09
480	1.77056	1.33e-09
490	1.76966	1.36e-09
500	1.76882	1.39e-09
510	1.76802	1.42e-09
520	1.76727	1.45e-09
530	1.76656	1.48e-09
540	1.76588	1.51e-09
550	1.76524	1.54e-09
560	1.76463	1.57e-09
570	1.76405	1.60e-09
580	1.76350	1.63e-09
590	1.76297	1.67e-09
600	1.76246	1.70e-09
610	1.76198	1.74e-09
620	1.76152	1.77e-09
630	1.76108	1.81e-09
640	1.76065	1.85e-09
650	1.76024	1.89e-09
660	1.75985	1.92e-09
670	1.75947	1.96e-09
680	1.75910	2.01e-09
690	1.75875	2.05e-09
700	1.75841	2.09e-09
710	1.75808	2.13e-09
720	1.75776	2.18e-09
730	1.75745	2.22e-09
740	1.75715	2.27e-09
750	1.75686	2.31e-09
760	1.75658	2.36e-09
770	1.75630	2.41e-09
780	1.75603	2.46e-09
790	1.75577	2.51e-09
800	1.75552	2.56e-09
810	1.75527	2.62e-09
820	1.75503	2.67e-09
830	1.75479	2.73e-09
840	1.75456	2.78e-09
850	1.75433	2.84e-09
860	1.75411	2.90e-09
870	1.75389	2.96e-09
880	1.75368	3.02e-09
890	1.75347	3.08e-09
900	1.75326	3.15e-09
910	1.75306	3.21e-09
920	1.75286	3.28e-09
930	1.75266	3.34e-09
940	1.75247	3.41e-09
950	1.75227	3.48e-09
960	1.75209	3.56e-09
970	1.75190	3.63e-09
980	1.75172	3.70e-09
990	1.75153	3.78e-09
1000	1.75135	3.86e-09
1010	1.75118	3.94e-09
1020	1.75100	4.02e-09
1030	1.75083	4.10e-09
1040	1.75065	4.19e-09
1050	1.75048	4.28e-09
1060	1.75031	4.36e-09
1070	1.75015	4.45e-09
1080	1.74998	4.55e-09
1090	1.74981	4.64e-09
1100	1.74965	4.74e-09
1110	1.74948	4.83e-09
1120	1.74932	4.93e-09
1130	1.74916	5.04e-09
1140	1.74900	5.14e-09
1150	1.74884	5.25e-09
1160	1.74868	5.35e-09
1170	1.74852	5.47e-09
1180	1.74836	5.58e-09
1190	1.74820	5.69e-09
1200	1.74805	5.81e-09
1210	1.74789	5.93e-09
1220	1.74773	6.05e-09
1230	1.74758	6.18e-09
1240	1.74742	6.31e-09
1250	1.74727	6.44e-09
1260	1.74711	6.57e-09
1270	1.74696	6.71e-09
1280	1.74680	6.84e-09
1290	1.74665	6.99e-09
1300	1.74649	7.13e-09
1310	1.74634	7.28e-09
1320	1.74618	7.43e-09
1330	1.74603	7.58e-09
1340	1.74587	7.74e-09
1350	1.74572	7.90e-09
1360	1.74557	8.06e-09
1370	1.74541	8.23e-09
1380	1.74526	8.40e-09
1390	1.74510	8.57e-09
1400	1.74494	8.75e-09
1410	1.74479	8.93e-09
1420	1.74463	9.12e-09
1430	1.74448	9.30e-09
1440	1.74432	9.50e-09
1450	1.74416	9.69e-09
1460	1.74401	9.89e-09
1470	1.74385	1.01e-08
1480	1.74369	1.03e-08
1490	1.74353	1.05e-08
1500	1.74338	1.07e-08
1510	1.74322	1.10e-08
1520	1.74306	1.12e-08
1530	1.74290	1.14e-08
1540	1.74274	1.17e-08
1550	1.74258	1.19e-08
1560	1.74242	1.21e-08
1570	1.74226	1.24e-08
1580	1.74209	1.26e-08
1590	1.74193	1.29e-08
1600	1.74177	1.32e-08
1610	1.74160	1.34e-08
1620	1.74144	1.37e-08
1630	1.74128	1.40e-08
1640	1.74111	1.43e-08
1650	1.74094	1.46e-08
1660	1.74078	1.49e-08
1670	1.74061	1.52e-08
1680	1.74044	1.55e-08
1690	1.74027	1.58e-08
1700	1.74011	1.62e-08
1710	1.73994	1.65e-08
1720	1.73977	1.68e-08
1730	1.73959	1.72e-08
1740	1.73942	1.75e-08
1750	1.73925	1.79e-08
1760	1.73908	1.83e-08
1770	1.73890	1.87e-08
1780	1.73873	1.90e-08
1790	1.73855	1.94e-08
1800	1.73838	1.98e-08
1810	1.73820	2.02e-08
1820	1.73802	2.07e-08
1830	1.73784	2.11e-08
1840	1.73767	2.15e-08
1850	1.73749	2.20e-08
1860	1.73731	2.24e-08
1870	1.73712	2.29e-08
1880	1.73694	2.34e-08
1890	1.73676	2.38e-08
1900	1.73657	2.43e-08
1910	1.73639	2.48e-08
1920	1.73620	2.54e-08
1930	1.73602	2.59e-08
1940	1.73583	2.64e-08
1950	1.73564	2.70e-08
1960	1.73545	2.75e-08
1970	1.73526	2.81e-08
1980	1.73507	2.87e-08
1990	1.73488	2.93e-08
2000	1.73469	2.99e-08
2010	1.73450	3.05e-08
2020	1.73430	3.11e-08
2030	1.73411	3.18e-08
2040	1.73391	3.24e-08
2050	1.73372	3.31e-08
2060	1.73352	3.38e-08
2070	1.73332	3.45e-08
2080	1.73312	3.52e-08
2090	1.73292	3.59e-08
2100	1.73272	3.66e-08
2110	1.73252	3.74e-08
2120	1.73231	3.82e-08
2130	1.73211	3.90e-08
2140	1.73190	3.98e-08
2150	1.73170	4.06e-08
2160	1.73149	4.14e-08
2170	1.73128	4.23e-08
2180	1.73107	4.32e-08
2190	1.73086	4.41e-08
2200	1.73065	4.50e-08
2210	1.73044	4.59e-08
2220	1.73023	4.68e-08
2230	1.73001	4.78e-08
2240	1.72980	4.88e-08
2250	1.72958	4.98e-08
2260	1.72936	5.08e-08
2270	1.72915	5.19e-08
2280	1.72893	5.30e-08
2290	1.72871	5.41e-08
2300	1.72848	5.52e-08
2310	1.72826	5.63e-08
2320	1.72804	5.75e-08
2330	1.72782	5.87e-08
2340	1.72759	5.99e-08
2350	1.72736	6.11e-08
2360	1.72714	6.24e-08
2370	1.72691	6.37e-08
2380	1.72668	6.50e-08
2390	1.72645	6.63e-08
2400	1.72622	6.77e-08
2410	1.72598	6.91e-08
2420	1.72575	7.05e-08
2430	1.72551	7.20e-08
2440	1.72528	7.35e-08
2450	1.72504	7.50e-08
2460	1.72480	7.66e-08
2470	1.72456	7.81e-08
2480	1.72432	7.98e-08
2490	1.72408	8.14e-08
2500	1.72384	8.31e-08
2510	1.72359	8.48e-08
2520	1.72335	8.66e-08
2530	1.72310	8.83e-08
2540	1.72285	9.02e-08
2550	1.72260	9.20e-08
2560	1.72236	9.39e-08
2570	1.72210	9.59e-08
2580	1.72185	9.79e-08
2590	1.72160	9.99e-08
2600	1.72134	1.02e-07
2610	1.72109	1.04e-07
2620	1.72083	1.06e-07
2630	1.72057	1.08e-07
2640	1.72032	1.11e-07
2650	1.72005	1.13e-07
2660	1.71979	1.15e-07
2670	1.71953	1.18e-07
2680	1.71927	1.20e-07
2690	1.71900	1.23e-07
2700	1.71873	1.25e-07
2710	1.71847	1.28e-07
2720	1.71820	1.30e-07
2730	1.71793	1.33e-07
2740	1.71766	1.36e-07
2750	1.71738	1.39e-07
2760	1.71711	1.41e-07
2770	1.71684	1.44e-07
2780	1.71656	1.47e-07
2790	1.71628	1.50e-07
2800	1.71600	1.54e-07
2810	1.71572	1.57e-07
2820	1.71544	1.60e-07
2830	1.71516	1.63e-07
2840	1.71487	1.67e-07
2850	1.71459	1.70e-07
2860	1.71430	1.74e-07
2870	1.71401	1.77e-07
2880	1.71372	1.81e-07
2890	1.71343	1.85e-07
2900	1.71314	1.88e-07
2910	1.71285	1.92e-07
2920	1.71255	1.96e-07
2930	1.71226	2.00e-07
2940	1.71196	2.04e-07
2950	1.71166	2.09e-07
2960	1.71136	2.13e-07
2970	1.71106	2.17e-07
2980	1.71076	2.22e-07
2990	1.71046	2.26e-07
3000	1.71015	2.31e-07
3010	1.70984	2.36e-07
3020	1.70954	2.41e-07
3030	1.70923	2.46e-07
3040	1.70892	2.51e-07
3050	1.70860	2.56e-07
3060	1.70829	2.61e-07
3070	1.70797	2.67e-07
3080	1.70766	2.72e-07
3090	1.70734	2.78e-07
3100	1.70702	2.84e-07
3110	1.70670	2.89e-07
3120	1.70638	2.95e-07
3130	1.70605	3.02e-07
3140	1.70573	3.08e-07
3150	1.70540	3.14e-07
3160	1.70507	3.21e-07
3170	1.70474	3.27e-07
3180	1.70441	3.34e-07
3190	1.70408	3.41e-07
3200	1.70375	3.48e-07
3210	1.70341	3.55e-07
3220	1.70308	3.63e-07
3230	1.70274	3.70e-07
3240	1.70240	3.78e-07
3250	1.70206	3.85e-07
3260	1.70171	3.93e-07
3270	1.70137	4.02e-07
3280	1.70102	4.10e-07
3290	1.70068	4.18e-07
3300	1.70033	4.27e-07
3310	1.69998	4.36e-07
3320	1.69962	4.45e-07
3330	1.69927	4.54e-07
3340	1.69891	4.63e-07
3350	1.69856	4.73e-07
3360	1.69820	4.83e-07
3370	1.69784	4.93e-07
3380	1.69748	5.03e-07
3390	1.69712	5.13e-07
3400	1.69675	5.24e-07
3410	1.69638	5.35e-07
3420	1.69602	5.46e-07
3430	1.69565	5.57e-07
3440	1.69528	5.69e-07
3450	1.69490	5.80e-07
3460	1.69453	5.92e-07
3470	1.69415	6.05e-07
3480	1.69377	6.17e-07
3490	1.69339	6.30e-07
3500	1.69301	6.43e-07
3510	1.69263	6.56e-07
3520	1.69225	6.70e-07
3530	1.69186	6.84e-07
3540	1.69147	6.98e-07
3550	1.69108	7.12e-07
3560	1.69069	7.27e-07
3570	1.69030	7.42e-07
3580	1.68990	7.57e-07
3590	1.68951	7.73e-07
3600	1.68911	7.89e-07
3610	1.68871	8.05e-07
3620	1.68831	8.22e-07
3630	1.68790	8.39e-07
3640	1.68750	8.56e-07
3650	1.68709	8.74e-07
3660	1.68668	8.92e-07
3670	1.68627	9.10e-07
3680	1.68586	9.29e-07
3690	1.68545	9.48e-07
3700	1.68503	9.68e-07
3710	1.68461	9.88e-07
3720	1.68419	1.01e-06
3730	1.68377	1.03e-06
3740	1.68335	1.05e-06
3750	1.68292	1.07e-06
3760	1.68249	1.09e-06
3770	1.68207	1.12e-06
3780	1.68163	1.14e-06
3790	1.68120	1.16e-06
3800	1.68077	1.19e-06
3810	1.68033	1.21e-06
3820	1.67989	1.24e-06
3830	1.67945	1.26e-06
3840	1.67901	1.29e-06
3850	1.67857	1.32e-06
3860	1.67812	1.34e-06
3870	1.67767	1.37e-06
3880	1.67722	1.40e-06
3890	1.67677	1.43e-06
3900	1.67631	1.46e-06
3910	1.67586	1.49e-06
3920	1.67540	1.52e-06
3930	1.67494	1.55e-06
3940	1.67448	1.58e-06
3950	1.67401	1.61e-06
3960	1.67355	1.65e-06
3970	1.67308	1.68e-06
3980	1.67261	1.72e-06
3990	1.67214	1.75e-06
4000	1.67166	1.79e-06
4010	1.67119	1.83e-06
4020	1.67071	1.86e-06
4030	1.67023	1.90e-06
4040	1.66974	1.94e-06
4050	1.66926	1.98e-06
4060	1.66877	2.02e-06
4070	1.66828	2.06e-06
4080	1.66779	2.11e-06
4090	1.66730	2.15e-06
4100	1.66680	2.19e-06
4110	1.66630	2.24e-06
4120	1.66580	2.29e-06
4130	1.66530	2.33e-06
4140	1.66480	2.38e-06
4150	1.66429	2.43e-06
4160	1.66378	2.48e-06
4170	1.66327	2.53e-06
4180	1.66276	2.59e-06
4190	1.66224	2.64e-06
4200	1.66172	2.69e-06
4210	1.66120	2.75e-06
4220	1.66068	2.81e-06
4230	1.66015	2.86e-06
4240	1.65963	2.92e-06
4250	1.65910	2.98e-06
4260	1.65857	3.04e-06
4270	1.65803	3.11e-06
4280	1.65749	3.17e-06
4290	1.65696	3.24e-06
4300	1.65641	3.30e-06
4310	1.65587	3.37e-06
4320	1.65532	3.44e-06
4330	1.65477	3.51e-06
4340	1.65422	3.59e-06
4350	1.65367	3.66e-06
4360	1.65311	3.74e-06
4370	1.65255	3.81e-06
4380	1.65199	3.89e-06
4390	1.65143	3.97e-06
4400	1.65086	4.05e-06
4410	1.65030	4.14e-06
4420	1.64972	4.22e-06
4430	1.64915	4.31e-06
4440	1.64857	4.40e-06
4450	1.64799	4.49e-06
4460	1.64741	4.58e-06
4470	1.64683	4.68e-06
4480	1.64624	4.78e-06
4490	1.64565	4.87e-06
4500	1.64506	4.98e-06
4510	1.64447	5.08e-06
4520	1.64387	5.18e-06
4530	1.64327	5.29e-06
4540	1.64267	5.40e-06
4550	1.64206	5.51e-06
4560	1.64145	5.63e-06
4570	1.64084	5.74e-06
4580	1.64023	5.86e-06
4590	1.63961	5.98e-06
4600	1.63899	6.11e-06
4610	1.63837	6.23e-06
4620	1.63774	6.36e-06
4630	1.63712	6.49e-06
4640	1.63649	6.63e-06
4650	1.63585	6.76e-06
4660	1.63522	6.90e-06
4670	1.63458	7.05e-06
4680	1.63393	7.19e-06
4690	1.63329	7.34e-06
4700	1.63264	7.49e-06
4710	1.63199	7.65e-06
4720	1.63134	7.80e-06
4730	1.63068	7.97e-06
4740	1.63002	8.13e-06
4750	1.62936	8.30e-06
4760	1.62869	8.47e-06
4770	1.62802	8.65e-06
4780	1.62735	8.82e-06
4790	1.62667	9.01e-06
4800	1.62599	9.19e-06
4810	1.62531	9.38e-06
4820	1.62463	9.58e-06
4830	1.62394	9.77e-06
4840	1.62325	9.98e-06
4850	1.62255	1.02e-05
4860	1.62186	1.04e-05
4870	1.62115	1.06e-05
4880	1.62045	1.08e-05
4890	1.61974	1.11e-05
4900	1.61903	1.13e-05
4910	1.61832	1.15e-05
4920	1.61760	1.18e-05
4930	1.61688	1.20e-05
4940	1.61616	1.22e-05
4950	1.61543	1.25e-05
4960	1.61470	1.28e-05
4970	1.61396	1.30e-05
4980	1.61323	1.33e-05
4990	1.61248	1.36e-05
5000	1.61174	1.38e-05
5010	1.61099	1.41e-05
5020	1.61024	1.44e-05
5030	1.60948	1.47e-05
5040	1.60873	1.50e-05
5050	1.60796	1.53e-05
5060	1.60720	1.56e-05
5070	1.60643	1.60e-05
5080	1.60565	1.63e-05
5090	1.60488	1.66e-05
5100	1.60410	1.70e-05
5110	1.60331	1.73e-05
5120	1.60252	1.77e-05
5130	1.60173	1.81e-05
5140	1.60093	1.84e-05
5150	1.60013	1.88e-05
5160	1.59933	1.92e-05
5170	1.59852	1.96e-05
5180	1.59771	2.00e-05
5190	1.59690	2.04e-05
5200	1.59608	2.08e-05
